# v      Egs     L=4,N=4,U=3.00000000000000
0.0000   -3.4789
0.0038   -3.5330
0.0075   -3.5754
0.0113   -3.4954
0.0150   -3.5548
0.0188   -3.6937
0.0226   -3.5763
0.0263   -3.6295
0.0301   -3.7077
0.0338   -3.6679
0.0376   -3.8844
0.0414   -3.6973
0.0451   -3.6628
0.0489   -3.6599
0.0526   -3.7788
0.0564   -3.8361
0.0602   -3.8634
0.0639   -3.8618
0.0677   -3.9385
0.0714   -3.9449
0.0752   -3.8729
0.0789   -4.0247
0.0827   -4.0706
0.0865   -4.0150
0.0902   -4.0097
0.0940   -3.9364
0.0977   -4.0979
0.1015   -3.9790
0.1053   -4.0404
0.1090   -4.0906
0.1128   -4.0615
0.1165   -4.0827
0.1203   -4.1454
0.1241   -4.0853
0.1278   -4.1297
0.1316   -4.1574
0.1353   -4.1109
0.1391   -4.2142
0.1429   -4.1670
0.1466   -4.1696
0.1504   -4.1901
0.1541   -4.2053
0.1579   -4.2122
0.1617   -4.1871
0.1654   -4.2244
0.1692   -4.2550
0.1729   -4.2582
0.1767   -4.3441
0.1805   -4.2073
0.1842   -4.3696
0.1880   -4.3368
0.1917   -4.3629
0.1955   -4.3887
0.1992   -4.3436
0.2030   -4.3475
0.2068   -4.3688
0.2105   -4.3542
0.2143   -4.4549
0.2180   -4.4310
0.2218   -4.4330
0.2256   -4.4185
0.2293   -4.4417
0.2331   -4.4065
0.2368   -4.5061
0.2406   -4.4090
0.2444   -4.4943
0.2481   -4.4903
0.2519   -4.4629
0.2556   -4.5327
0.2594   -4.4999
0.2632   -4.4895
0.2669   -4.4881
0.2707   -4.5446
0.2744   -4.4825
0.2782   -4.5063
0.2820   -4.5679
0.2857   -4.5328
0.2895   -4.4940
0.2932   -4.5227
0.2970   -4.5459
0.3008   -4.5519
0.3045   -4.5882
0.3083   -4.5542
0.3120   -4.5885
0.3158   -4.6073
0.3195   -4.5496
0.3233   -4.6139
0.3271   -4.5595
0.3308   -4.6074
0.3346   -4.6049
0.3383   -4.5711
0.3421   -4.6026
0.3459   -4.5914
0.3496   -4.6228
0.3534   -4.6073
0.3571   -4.5928
0.3609   -4.5988
0.3647   -4.6055
0.3684   -4.6169
0.3722   -4.6416
0.3759   -4.6220
0.3797   -4.6172
0.3835   -4.6247
0.3872   -4.6226
0.3910   -4.6275
0.3947   -4.6271
0.3985   -4.6354
0.4023   -4.6423
0.4060   -4.6274
0.4098   -4.6175
0.4135   -4.6374
0.4173   -4.6588
0.4211   -4.6317
0.4248   -4.6505
0.4286   -4.6490
0.4323   -4.6644
0.4361   -4.6545
0.4398   -4.6539
0.4436   -4.6592
0.4474   -4.6498
0.4511   -4.6258
0.4549   -4.6801
0.4586   -4.6490
0.4624   -4.6295
0.4662   -4.6586
0.4699   -4.6558
0.4737   -4.6365
0.4774   -4.6607
0.4812   -4.6573
0.4850   -4.6625
0.4887   -4.6669
0.4925   -4.6572
0.4962   -4.6806
0.5000   -4.6601
0.5038   -4.6966
0.5075   -4.6754
0.5113   -4.6237
0.5150   -4.6629
0.5188   -4.6668
0.5226   -4.6697
0.5263   -4.6806
0.5301   -4.6457
0.5338   -4.6581
0.5376   -4.6353
0.5414   -4.6595
0.5451   -4.6478
0.5489   -4.6401
0.5526   -4.6331
0.5564   -4.6547
0.5602   -4.6276
0.5639   -4.6524
0.5677   -4.6162
0.5714   -4.6706
0.5752   -4.6445
0.5789   -4.6124
0.5827   -4.6273
0.5865   -4.6464
0.5902   -4.6335
0.5940   -4.6376
0.5977   -4.6026
0.6015   -4.5734
0.6053   -4.6013
0.6090   -4.6066
0.6128   -4.6076
0.6165   -4.6111
0.6203   -4.6661
0.6241   -4.5968
0.6278   -4.5885
0.6316   -4.6021
0.6353   -4.5769
0.6391   -4.5915
0.6429   -4.6134
0.6466   -4.6193
0.6504   -4.5927
0.6541   -4.5602
0.6579   -4.6013
0.6617   -4.5643
0.6654   -4.5885
0.6692   -4.5787
0.6729   -4.5573
0.6767   -4.5499
0.6805   -4.5813
0.6842   -4.5639
0.6880   -4.5314
0.6917   -4.6013
0.6955   -4.5664
0.6992   -4.5329
0.7030   -4.5311
0.7068   -4.5374
0.7105   -4.5558
0.7143   -4.5074
0.7180   -4.5416
0.7218   -4.5287
0.7256   -4.5262
0.7293   -4.5270
0.7331   -4.4864
0.7368   -4.5629
0.7406   -4.4913
0.7444   -4.4982
0.7481   -4.4550
0.7519   -4.4908
0.7556   -4.5059
0.7594   -4.4850
0.7632   -4.5024
0.7669   -4.4654
0.7707   -4.4532
0.7744   -4.4524
0.7782   -4.4254
0.7820   -4.4633
0.7857   -4.4131
0.7895   -4.4247
0.7932   -4.5178
0.7970   -4.4130
0.8008   -4.4738
0.8045   -4.4524
0.8083   -4.4676
0.8120   -4.4567
0.8158   -4.4103
0.8195   -4.3690
0.8233   -4.4256
0.8271   -4.3783
0.8308   -4.4558
0.8346   -4.4131
0.8383   -4.3414
0.8421   -4.3858
0.8459   -4.3503
0.8496   -4.3117
0.8534   -4.3422
0.8571   -4.3983
0.8609   -4.4140
0.8647   -4.3095
0.8684   -4.3045
0.8722   -4.3210
0.8759   -4.4148
0.8797   -4.3480
0.8835   -4.2782
0.8872   -4.2864
0.8910   -4.3010
0.8947   -4.2482
0.8985   -4.3350
0.9023   -4.3155
0.9060   -4.2981
0.9098   -4.2652
0.9135   -4.3260
0.9173   -4.2712
0.9211   -4.3612
0.9248   -4.1637
0.9286   -4.2786
0.9323   -4.2393
0.9361   -4.2468
0.9398   -4.3357
0.9436   -4.1704
0.9474   -4.1757
0.9511   -4.1979
0.9549   -4.2720
0.9586   -4.2559
0.9624   -4.1717
0.9662   -4.1992
0.9699   -4.2218
0.9737   -4.1817
0.9774   -4.2088
0.9812   -4.1798
0.9850   -4.1646
0.9887   -4.2090
0.9925   -4.1245
0.9962   -4.1568
1.0000   -4.1466
1.0038   -4.0541
1.0075   -4.1018
1.0113   -4.1886
1.0150   -4.0898
1.0188   -4.0579
1.0226   -3.9695
1.0263   -4.0326
1.0301   -4.1279
1.0338   -4.1287
1.0376   -3.9605
1.0414   -4.0564
1.0451   -4.0171
1.0489   -4.0886
1.0526   -3.9818
1.0564   -4.0283
1.0602   -4.0160
1.0639   -3.9119
1.0677   -4.0076
1.0714   -3.9789
1.0752   -3.9237
1.0789   -4.0304
1.0827   -4.0083
1.0865   -3.9677
1.0902   -4.0799
1.0940   -3.9095
1.0977   -4.0389
1.1015   -4.0577
1.1053   -4.0295
1.1090   -3.9359
1.1128   -3.9775
1.1165   -3.9183
1.1203   -3.8268
1.1241   -3.8417
1.1278   -3.9908
1.1316   -3.9329
1.1353   -3.9451
1.1391   -3.7495
1.1429   -3.8084
1.1466   -3.9205
1.1504   -3.8489
1.1541   -3.9074
1.1579   -3.8896
1.1617   -3.7935
1.1654   -3.7790
1.1692   -3.8451
1.1729   -3.7736
1.1767   -3.8927
1.1805   -3.9352
1.1842   -3.8383
1.1880   -3.8629
1.1917   -3.8555
1.1955   -3.6867
1.1992   -3.7692
1.2030   -3.6974
1.2068   -3.9546
1.2105   -3.8308
1.2143   -3.7557
1.2180   -3.7220
1.2218   -3.8911
1.2256   -3.7806
1.2293   -3.7277
1.2331   -3.7225
1.2368   -3.8171
1.2406   -3.8091
1.2444   -3.6367
1.2481   -3.6464
1.2519   -3.5907
1.2556   -3.6228
1.2594   -3.7207
1.2632   -3.8054
1.2669   -3.5819
1.2707   -3.6429
1.2744   -3.4699
1.2782   -3.5587
1.2820   -3.7384
1.2857   -3.5665
1.2895   -3.6969
1.2932   -3.5811
1.2970   -3.5791
1.3008   -3.5959
1.3045   -3.6105
1.3083   -3.4373
1.3120   -3.5779
1.3158   -3.5996
1.3195   -3.5339
1.3233   -3.5331
1.3271   -3.4065
1.3308   -3.6815
1.3346   -3.4753
1.3383   -3.5220
1.3421   -3.3893
1.3459   -3.4835
1.3496   -3.5213
1.3534   -3.4193
1.3571   -3.5650
1.3609   -3.5459
1.3647   -3.6255
1.3684   -3.4803
1.3722   -3.4545
1.3759   -3.3217
1.3797   -3.3643
1.3835   -3.4176
1.3872   -3.4002
1.3910   -3.3934
1.3947   -3.2633
1.3985   -3.4673
1.4023   -3.3815
1.4060   -3.3490
1.4098   -3.1937
1.4135   -3.3328
1.4173   -3.3322
1.4211   -3.3379
1.4248   -3.2049
1.4286   -3.2570
1.4323   -3.3011
1.4361   -3.2584
1.4398   -3.4326
1.4436   -3.3671
1.4474   -3.1500
1.4511   -3.2035
1.4549   -3.2785
1.4586   -3.0600
1.4624   -3.3980
1.4662   -3.1922
1.4699   -3.3303
1.4737   -3.2231
1.4774   -3.0702
1.4812   -3.2073
1.4850   -3.0386
1.4887   -3.0209
1.4925   -3.2329
1.4962   -3.1556
1.5000   -3.1676
