# v      Egs     L=4,N=4,U=7.06268772311377
0.0000   2.5473
0.0038   2.7708
0.0075   2.2346
0.0113   2.4120
0.0150   2.2391
0.0188   2.1280
0.0226   2.4378
0.0263   2.0795
0.0301   2.0807
0.0338   1.8568
0.0376   1.6818
0.0414   1.8453
0.0451   2.1415
0.0489   1.9716
0.0526   1.8155
0.0564   1.5953
0.0602   1.7055
0.0639   1.4804
0.0677   1.8306
0.0714   1.4671
0.0752   1.4476
0.0789   1.4657
0.0827   1.2938
0.0865   1.2253
0.0902   1.4993
0.0940   1.0518
0.0977   1.2520
0.1015   1.1773
0.1053   1.0570
0.1090   1.1996
0.1128   1.2123
0.1165   1.0571
0.1203   0.8932
0.1241   1.3204
0.1278   1.1151
0.1316   0.8590
0.1353   0.9485
0.1391   0.8186
0.1429   0.6826
0.1466   0.8224
0.1504   0.5846
0.1541   0.7259
0.1579   0.6801
0.1617   0.5933
0.1654   0.6249
0.1692   0.6419
0.1729   0.6248
0.1767   0.5209
0.1805   0.5659
0.1842   0.4283
0.1880   0.3471
0.1917   0.5028
0.1955   0.2609
0.1992   0.2797
0.2030   0.2764
0.2068   0.3215
0.2105   -0.0662
0.2143   0.1751
0.2180   0.0222
0.2218   0.1821
0.2256   0.2276
0.2293   -0.0928
0.2331   0.1191
0.2368   0.0573
0.2406   0.0685
0.2444   -0.2272
0.2481   0.0668
0.2519   -0.1207
0.2556   -0.1064
0.2594   0.0185
0.2632   -0.1136
0.2669   -0.0611
0.2707   -0.3209
0.2744   -0.2325
0.2782   -0.1207
0.2820   -0.3631
0.2857   -0.3627
0.2895   -0.1465
0.2932   -0.2808
0.2970   -0.3537
0.3008   -0.3560
0.3045   -0.4778
0.3083   -0.4319
0.3120   -0.4085
0.3158   -0.5360
0.3195   -0.5775
0.3233   -0.6903
0.3271   -0.6871
0.3308   -0.6078
0.3346   -0.5942
0.3383   -0.5551
0.3421   -0.5804
0.3459   -0.6835
0.3496   -0.7194
0.3534   -0.7824
0.3571   -0.6441
0.3609   -0.7584
0.3647   -0.9210
0.3684   -0.9104
0.3722   -0.6900
0.3759   -0.8507
0.3797   -0.8579
0.3835   -0.7747
0.3872   -0.8010
0.3910   -0.7235
0.3947   -0.9677
0.3985   -0.9589
0.4023   -0.8860
0.4060   -0.8328
0.4098   -0.9539
0.4135   -0.9420
0.4173   -1.0077
0.4211   -1.0405
0.4248   -1.0068
0.4286   -1.0326
0.4323   -1.1111
0.4361   -1.0539
0.4398   -1.0428
0.4436   -1.1071
0.4474   -1.1020
0.4511   -1.0428
0.4549   -0.9512
0.4586   -1.1236
0.4624   -1.1271
0.4662   -1.1935
0.4699   -1.2443
0.4737   -1.1664
0.4774   -1.3154
0.4812   -1.2272
0.4850   -1.2440
0.4887   -1.2747
0.4925   -1.2409
0.4962   -1.2890
0.5000   -1.2791
0.5038   -1.2707
0.5075   -1.4244
0.5113   -1.2988
0.5150   -1.2766
0.5188   -1.4609
0.5226   -1.3486
0.5263   -1.3296
0.5301   -1.5136
0.5338   -1.4945
0.5376   -1.3769
0.5414   -1.4287
0.5451   -1.4997
0.5489   -1.5257
0.5526   -1.4250
0.5564   -1.5065
0.5602   -1.5602
0.5639   -1.4724
0.5677   -1.3958
0.5714   -1.5618
0.5752   -1.5197
0.5789   -1.5265
0.5827   -1.6789
0.5865   -1.5573
0.5902   -1.6106
0.5940   -1.5840
0.5977   -1.6473
0.6015   -1.6390
0.6053   -1.6307
0.6090   -1.6164
0.6128   -1.6701
0.6165   -1.6298
0.6203   -1.6746
0.6241   -1.6731
0.6278   -1.6518
0.6316   -1.6780
0.6353   -1.6931
0.6391   -1.6478
0.6429   -1.6510
0.6466   -1.6333
0.6504   -1.6435
0.6541   -1.6330
0.6579   -1.6493
0.6617   -1.7805
0.6654   -1.8030
0.6692   -1.7382
0.6729   -1.7612
0.6767   -1.8243
0.6805   -1.8778
0.6842   -1.7860
0.6880   -1.8678
0.6917   -1.8174
0.6955   -1.7827
0.6992   -1.8535
0.7030   -1.8065
0.7068   -1.8587
0.7105   -1.8183
0.7143   -1.8857
0.7180   -1.7124
0.7218   -1.8729
0.7256   -1.8549
0.7293   -1.8878
0.7331   -1.8248
0.7368   -1.8699
0.7406   -1.8686
0.7444   -1.8405
0.7481   -1.9504
0.7519   -1.8555
0.7556   -1.8835
0.7594   -1.9201
0.7632   -1.9235
0.7669   -1.8905
0.7707   -1.8754
0.7744   -2.0177
0.7782   -1.9496
0.7820   -1.9299
0.7857   -1.9847
0.7895   -1.9624
0.7932   -1.9777
0.7970   -1.9689
0.8008   -1.9840
0.8045   -2.0393
0.8083   -2.0282
0.8120   -1.9554
0.8158   -1.9845
0.8195   -2.0492
0.8233   -1.9769
0.8271   -2.0345
0.8308   -2.0619
0.8346   -1.9875
0.8383   -2.1207
0.8421   -2.0500
0.8459   -1.9918
0.8496   -2.0775
0.8534   -2.1248
0.8571   -1.9861
0.8609   -2.0394
0.8647   -2.0054
0.8684   -2.0545
0.8722   -2.0476
0.8759   -2.0924
0.8797   -2.0567
0.8835   -2.0347
0.8872   -2.0894
0.8910   -2.1407
0.8947   -2.0529
0.8985   -2.1656
0.9023   -2.1097
0.9060   -2.0783
0.9098   -2.1080
0.9135   -2.1245
0.9173   -2.1199
0.9211   -2.1218
0.9248   -2.1111
0.9286   -2.1614
0.9323   -2.1483
0.9361   -2.1441
0.9398   -2.0947
0.9436   -2.1208
0.9474   -2.1955
0.9511   -2.1063
0.9549   -2.1453
0.9586   -2.1468
0.9624   -2.2003
0.9662   -2.1798
0.9699   -2.2126
0.9737   -2.1719
0.9774   -2.1745
0.9812   -2.2251
0.9850   -2.1935
0.9887   -2.1569
0.9925   -2.2164
0.9962   -2.1785
1.0000   -2.1468
1.0038   -2.2251
1.0075   -2.2378
1.0113   -2.2163
1.0150   -2.1863
1.0188   -2.1876
1.0226   -2.2826
1.0263   -2.1896
1.0301   -2.2340
1.0338   -2.1947
1.0376   -2.2517
1.0414   -2.2393
1.0451   -2.2377
1.0489   -2.2284
1.0526   -2.2112
1.0564   -2.1914
1.0602   -2.2796
1.0639   -2.2491
1.0677   -2.2857
1.0714   -2.2210
1.0752   -2.2570
1.0789   -2.2845
1.0827   -2.2421
1.0865   -2.2552
1.0902   -2.2975
1.0940   -2.2198
1.0977   -2.3035
1.1015   -2.2428
1.1053   -2.2403
1.1090   -2.2483
1.1128   -2.2927
1.1165   -2.2590
1.1203   -2.2948
1.1241   -2.2531
1.1278   -2.2478
1.1316   -2.2623
1.1353   -2.2335
1.1391   -2.2669
1.1429   -2.3124
1.1466   -2.2346
1.1504   -2.3488
1.1541   -2.2707
1.1579   -2.2511
1.1617   -2.2455
1.1654   -2.2666
1.1692   -2.2674
1.1729   -2.2918
1.1767   -2.2797
1.1805   -2.2278
1.1842   -2.2783
1.1880   -2.2960
1.1917   -2.3019
1.1955   -2.2684
1.1992   -2.2738
1.2030   -2.2688
1.2068   -2.2118
1.2105   -2.2400
1.2143   -2.2670
1.2180   -2.2647
1.2218   -2.2116
1.2256   -2.2734
1.2293   -2.2433
1.2331   -2.2971
1.2368   -2.2566
1.2406   -2.2653
1.2444   -2.2969
1.2481   -2.2545
1.2519   -2.2822
1.2556   -2.2794
1.2594   -2.3269
1.2632   -2.2770
1.2669   -2.3024
1.2707   -2.2623
1.2744   -2.3207
1.2782   -2.2459
1.2820   -2.2622
1.2857   -2.2196
1.2895   -2.2472
1.2932   -2.2629
1.2970   -2.3026
1.3008   -2.2435
1.3045   -2.2847
1.3083   -2.2082
1.3120   -2.2247
1.3158   -2.2658
1.3195   -2.2796
1.3233   -2.2694
1.3271   -2.2477
1.3308   -2.2692
1.3346   -2.2044
1.3383   -2.2210
1.3421   -2.2202
1.3459   -2.2255
1.3496   -2.2331
1.3534   -2.2766
1.3571   -2.2559
1.3609   -2.2473
1.3647   -2.2367
1.3684   -2.2044
1.3722   -2.2797
1.3759   -2.1988
1.3797   -2.2246
1.3835   -2.2171
1.3872   -2.2820
1.3910   -2.2844
1.3947   -2.2829
1.3985   -2.2355
1.4023   -2.2077
1.4060   -2.2354
1.4098   -2.2169
1.4135   -2.2345
1.4173   -2.2298
1.4211   -2.1909
1.4248   -2.1938
1.4286   -2.2574
1.4323   -2.2089
1.4361   -2.1758
1.4398   -2.1937
1.4436   -2.2027
1.4474   -2.1963
1.4511   -2.1982
1.4549   -2.3086
1.4586   -2.1902
1.4624   -2.1258
1.4662   -2.1479
1.4699   -2.1875
1.4737   -2.1583
1.4774   -2.1558
1.4812   -2.1444
1.4850   -2.2140
1.4887   -2.2053
1.4925   -2.1792
1.4962   -2.1821
1.5000   -2.1760
