# v      Egs     L=4,N=4,U=1.75000000000000
0.0000   -5.4527
0.0038   -5.3850
0.0075   -5.4422
0.0113   -5.4802
0.0150   -5.4828
0.0188   -5.4388
0.0226   -5.4671
0.0263   -5.4651
0.0301   -5.5003
0.0338   -5.5530
0.0376   -5.4941
0.0414   -5.5843
0.0451   -5.5014
0.0489   -5.5302
0.0526   -5.5236
0.0564   -5.5810
0.0602   -5.5823
0.0639   -5.5726
0.0677   -5.5811
0.0714   -5.5499
0.0752   -5.6011
0.0789   -5.5822
0.0827   -5.6389
0.0865   -5.6305
0.0902   -5.6709
0.0940   -5.6218
0.0977   -5.6413
0.1015   -5.6293
0.1053   -5.6741
0.1090   -5.7220
0.1128   -5.6901
0.1165   -5.6990
0.1203   -5.7424
0.1241   -5.7361
0.1278   -5.7243
0.1316   -5.7479
0.1353   -5.7153
0.1391   -5.7354
0.1429   -5.7704
0.1466   -5.7541
0.1504   -5.7514
0.1541   -5.7157
0.1579   -5.7768
0.1617   -5.7583
0.1654   -5.7760
0.1692   -5.7667
0.1729   -5.7755
0.1767   -5.7875
0.1805   -5.7804
0.1842   -5.8021
0.1880   -5.7895
0.1917   -5.7956
0.1955   -5.7988
0.1992   -5.7980
0.2030   -5.7904
0.2068   -5.7891
0.2105   -5.8173
0.2143   -5.8331
0.2180   -5.8143
0.2218   -5.8274
0.2256   -5.8188
0.2293   -5.8242
0.2331   -5.8198
0.2368   -5.8216
0.2406   -5.8292
0.2444   -5.8331
0.2481   -5.8293
0.2519   -5.8185
0.2556   -5.8363
0.2594   -5.8415
0.2632   -5.8224
0.2669   -5.8329
0.2707   -5.8340
0.2744   -5.8373
0.2782   -5.8372
0.2820   -5.8346
0.2857   -5.8234
0.2895   -5.8351
0.2932   -5.8422
0.2970   -5.8191
0.3008   -5.8360
0.3045   -5.8378
0.3083   -5.8355
0.3120   -5.8372
0.3158   -5.8222
0.3195   -5.8432
0.3233   -5.8384
0.3271   -5.8424
0.3308   -5.8091
0.3346   -5.8184
0.3383   -5.8292
0.3421   -5.8319
0.3459   -5.8089
0.3496   -5.8494
0.3534   -5.8039
0.3571   -5.8309
0.3609   -5.8187
0.3647   -5.8306
0.3684   -5.7952
0.3722   -5.8361
0.3759   -5.8068
0.3797   -5.8267
0.3835   -5.8427
0.3872   -5.7898
0.3910   -5.7953
0.3947   -5.7751
0.3985   -5.7847
0.4023   -5.7904
0.4060   -5.7897
0.4098   -5.7574
0.4135   -5.7860
0.4173   -5.7973
0.4211   -5.8049
0.4248   -5.7841
0.4286   -5.7339
0.4323   -5.7402
0.4361   -5.7768
0.4398   -5.7566
0.4436   -5.7614
0.4474   -5.7407
0.4511   -5.7266
0.4549   -5.7275
0.4586   -5.7559
0.4624   -5.7304
0.4662   -5.7350
0.4699   -5.7359
0.4737   -5.7655
0.4774   -5.7266
0.4812   -5.7415
0.4850   -5.7470
0.4887   -5.7607
0.4925   -5.6765
0.4962   -5.7418
0.5000   -5.7195
0.5038   -5.6730
0.5075   -5.7074
0.5113   -5.6977
0.5150   -5.6889
0.5188   -5.6608
0.5226   -5.6613
0.5263   -5.7049
0.5301   -5.6079
0.5338   -5.6243
0.5376   -5.6204
0.5414   -5.6195
0.5451   -5.6191
0.5489   -5.6346
0.5526   -5.6328
0.5564   -5.6232
0.5602   -5.5857
0.5639   -5.5868
0.5677   -5.5645
0.5714   -5.6307
0.5752   -5.6086
0.5789   -5.6366
0.5827   -5.5889
0.5865   -5.5464
0.5902   -5.5645
0.5940   -5.6698
0.5977   -5.5894
0.6015   -5.5033
0.6053   -5.5867
0.6090   -5.5986
0.6128   -5.5181
0.6165   -5.5280
0.6203   -5.5552
0.6241   -5.5515
0.6278   -5.5204
0.6316   -5.4700
0.6353   -5.4539
0.6391   -5.4062
0.6429   -5.5291
0.6466   -5.4318
0.6504   -5.5577
0.6541   -5.4925
0.6579   -5.3823
0.6617   -5.5433
0.6654   -5.4231
0.6692   -5.4881
0.6729   -5.4762
0.6767   -5.4373
0.6805   -5.4511
0.6842   -5.4595
0.6880   -5.4194
0.6917   -5.3762
0.6955   -5.4263
0.6992   -5.4320
0.7030   -5.3669
0.7068   -5.3807
0.7105   -5.4219
0.7143   -5.3525
0.7180   -5.4168
0.7218   -5.4259
0.7256   -5.3423
0.7293   -5.3322
0.7331   -5.3899
0.7368   -5.3683
0.7406   -5.3615
0.7444   -5.2912
0.7481   -5.3156
0.7519   -5.3339
0.7556   -5.2219
0.7594   -5.3329
0.7632   -5.3290
0.7669   -5.1800
0.7707   -5.2940
0.7744   -5.2589
0.7782   -5.2067
0.7820   -5.2306
0.7857   -5.1913
0.7895   -5.1624
0.7932   -5.2045
0.7970   -5.2500
0.8008   -5.1613
0.8045   -5.1747
0.8083   -5.1866
0.8120   -5.1073
0.8158   -5.1404
0.8195   -5.2048
0.8233   -5.0568
0.8271   -5.1598
0.8308   -5.0262
0.8346   -5.1793
0.8383   -4.9654
0.8421   -5.2053
0.8459   -5.0857
0.8496   -5.0604
0.8534   -5.1436
0.8571   -5.0126
0.8609   -5.0537
0.8647   -5.1262
0.8684   -5.1137
0.8722   -4.9679
0.8759   -4.9749
0.8797   -5.0235
0.8835   -5.1327
0.8872   -5.0462
0.8910   -5.0365
0.8947   -4.9128
0.8985   -4.9905
0.9023   -4.9675
0.9060   -4.9974
0.9098   -4.9476
0.9135   -4.9993
0.9173   -4.9704
0.9211   -4.8576
0.9248   -4.8221
0.9286   -4.9326
0.9323   -4.8563
0.9361   -4.8597
0.9398   -4.7919
0.9436   -4.9120
0.9474   -4.9257
0.9511   -4.8693
0.9549   -4.8918
0.9586   -4.8147
0.9624   -4.8024
0.9662   -4.8528
0.9699   -4.7951
0.9737   -4.7996
0.9774   -4.6602
0.9812   -4.7453
0.9850   -4.7382
0.9887   -4.8002
0.9925   -4.7869
0.9962   -4.7587
1.0000   -4.6826
1.0038   -4.6989
1.0075   -4.6836
1.0113   -4.6933
1.0150   -4.7835
1.0188   -4.7311
1.0226   -4.6412
1.0263   -4.6452
1.0301   -4.7182
1.0338   -4.6556
1.0376   -4.7302
1.0414   -4.7586
1.0451   -4.5818
1.0489   -4.6945
1.0526   -4.5876
1.0564   -4.6278
1.0602   -4.5226
1.0639   -4.6091
1.0677   -4.6325
1.0714   -4.4791
1.0752   -4.6431
1.0789   -4.5009
1.0827   -4.5704
1.0865   -4.5574
1.0902   -4.4989
1.0940   -4.5502
1.0977   -4.4503
1.1015   -4.5137
1.1053   -4.6042
1.1090   -4.5416
1.1128   -4.4193
1.1165   -4.4172
1.1203   -4.3993
1.1241   -4.4293
1.1278   -4.4935
1.1316   -4.4358
1.1353   -4.4972
1.1391   -4.3691
1.1429   -4.2086
1.1466   -4.1824
1.1504   -4.2736
1.1541   -4.3927
1.1579   -4.3944
1.1617   -4.5367
1.1654   -4.2717
1.1692   -4.3090
1.1729   -4.1633
1.1767   -4.3442
1.1805   -4.2990
1.1842   -4.2658
1.1880   -4.2520
1.1917   -4.2401
1.1955   -4.4190
1.1992   -4.2022
1.2030   -4.2372
1.2068   -4.1779
1.2105   -4.2209
1.2143   -4.0340
1.2180   -4.2585
1.2218   -4.1029
1.2256   -4.0627
1.2293   -3.8897
1.2331   -4.0030
1.2368   -4.0063
1.2406   -4.1311
1.2444   -4.1346
1.2481   -4.1099
1.2519   -4.0473
1.2556   -3.9819
1.2594   -4.0486
1.2632   -4.0044
1.2669   -3.8955
1.2707   -4.0122
1.2744   -3.9166
1.2782   -3.9929
1.2820   -4.0353
1.2857   -3.9586
1.2895   -4.0446
1.2932   -3.9003
1.2970   -3.8151
1.3008   -3.9391
1.3045   -4.2669
1.3083   -3.8423
1.3120   -3.9837
1.3158   -4.0129
1.3195   -3.8878
1.3233   -3.7693
1.3271   -3.9160
1.3308   -3.9169
1.3346   -3.8867
1.3383   -4.0559
1.3421   -3.8835
1.3459   -3.8930
1.3496   -3.8109
1.3534   -3.6702
1.3571   -3.8398
1.3609   -3.7054
1.3647   -3.7032
1.3684   -3.7923
1.3722   -3.8665
1.3759   -3.8076
1.3797   -3.7051
1.3835   -3.6712
1.3872   -3.6826
1.3910   -3.7763
1.3947   -3.7268
1.3985   -3.6216
1.4023   -3.8852
1.4060   -3.5434
1.4098   -3.4179
1.4135   -3.8152
1.4173   -3.4975
1.4211   -3.5426
1.4248   -3.5449
1.4286   -3.6395
1.4323   -3.5834
1.4361   -3.7857
1.4398   -3.5787
1.4436   -3.6247
1.4474   -3.5584
1.4511   -3.4752
1.4549   -3.5945
1.4586   -3.6082
1.4624   -3.5546
1.4662   -3.3642
1.4699   -3.4718
1.4737   -3.5040
1.4774   -3.5614
1.4812   -3.5466
1.4850   -3.6478
1.4887   -3.4167
1.4925   -3.5867
1.4962   -3.4636
1.5000   -3.2972
