# v      Egs     L=4,N=4,U=199.05358527674869
1.5000   43.0586
1.5100   41.9744
1.5201   44.2991
1.5301   37.2653
1.5401   43.8975
1.5501   40.5826
1.5602   37.2405
1.5702   38.9332
1.5802   40.1335
1.5902   40.7446
1.6003   33.1226
1.6103   35.2476
1.6203   29.3414
1.6303   37.9041
1.6404   37.1227
1.6504   36.5236
1.6604   32.7699
1.6704   33.5493
1.6805   28.8845
1.6905   29.1319
1.7005   26.3204
1.7105   35.7073
1.7206   27.9673
1.7306   32.2441
1.7406   32.8430
1.7506   32.8844
1.7607   26.7220
1.7707   33.5176
1.7807   24.1744
1.7907   28.2423
1.8008   27.9849
1.8108   23.7586
1.8208   24.5782
1.8308   24.2720
1.8409   21.8062
1.8509   26.8218
1.8609   21.9867
1.8709   21.2126
1.8810   23.7154
1.8910   21.4801
1.9010   18.7164
1.9110   16.8532
1.9211   19.7806
1.9311   13.0132
1.9411   19.8060
1.9511   18.2181
1.9612   16.3982
1.9712   20.3316
1.9812   12.5358
1.9912   18.9515
2.0013   21.3567
2.0113   17.2703
2.0213   18.5615
2.0313   17.3070
2.0414   16.6134
2.0514   13.5752
2.0614   16.7517
2.0714   18.6737
2.0815   13.6098
2.0915   13.8437
2.1015   13.9390
2.1115   14.4055
2.1216   17.3156
2.1316   9.1282
2.1416   14.9323
2.1516   13.1611
2.1617   10.9244
2.1717   12.4962
2.1817   11.5350
2.1917   13.3394
2.2018   11.0218
2.2118   11.7158
2.2218   10.8283
2.2318   13.8024
2.2419   11.4602
2.2519   11.1389
2.2619   8.6058
2.2719   8.5182
2.2820   11.0878
2.2920   4.6275
2.3020   7.7126
2.3120   8.3142
2.3221   6.4721
2.3321   9.0032
2.3421   10.9274
2.3521   7.9493
2.3622   6.8144
2.3722   8.4462
2.3822   9.0397
2.3922   10.5067
2.4023   7.9971
2.4123   8.6037
2.4223   9.9805
2.4323   7.5843
2.4424   6.7453
2.4524   5.0259
2.4624   3.9018
2.4724   7.1405
2.4825   6.3122
2.4925   7.9846
2.5025   5.6790
2.5125   7.0029
2.5226   7.3989
2.5326   5.9399
2.5426   6.0546
2.5526   7.2095
2.5627   3.9259
2.5727   3.3563
2.5827   6.9315
2.5927   5.3317
2.6028   5.7803
2.6128   4.4195
2.6228   3.2305
2.6328   6.5041
2.6429   4.5643
2.6529   2.4688
2.6629   5.4902
2.6729   2.7695
2.6830   2.4561
2.6930   5.3137
2.7030   3.4243
2.7130   2.9485
2.7231   3.0894
2.7331   4.6528
2.7431   4.5184
2.7531   3.6147
2.7632   4.1269
2.7732   5.0467
2.7832   2.4614
2.7932   2.8115
2.8033   5.1949
2.8133   1.9768
2.8233   2.6298
2.8333   1.6671
2.8434   3.7873
2.8534   3.2526
2.8634   5.1837
2.8734   1.4083
2.8835   3.6624
2.8935   1.9384
2.9035   3.0309
2.9135   3.8016
2.9236   2.0878
2.9336   2.9632
2.9436   1.5777
2.9536   1.6726
2.9637   2.7323
2.9737   2.7906
2.9837   1.1679
2.9937   2.1956
3.0038   3.4986
3.0138   1.5330
3.0238   3.2201
3.0338   1.2506
3.0439   1.7567
3.0539   1.1391
3.0639   0.7449
3.0739   0.7368
3.0840   2.2613
3.0940   2.5384
3.1040   1.4137
3.1140   1.3699
3.1241   0.7014
3.1341   1.8177
3.1441   1.8288
3.1541   1.3619
3.1642   0.8096
3.1742   1.4268
3.1842   1.3473
3.1942   0.9339
3.2043   0.7947
3.2143   0.4366
3.2243   1.0205
3.2343   1.4350
3.2444   1.6410
3.2544   1.1002
3.2644   1.7599
3.2744   1.1194
3.2845   0.0579
3.2945   3.3262
3.3045   2.3878
3.3145   0.7175
3.3246   1.1939
3.3346   0.7325
3.3446   1.6509
3.3546   0.1195
3.3647   1.2096
3.3747   0.1050
3.3847   0.4027
3.3947   1.3236
3.4048   1.2180
3.4148   -0.0258
3.4248   0.8813
3.4348   0.3736
3.4449   0.5392
3.4549   0.9880
3.4649   0.4256
3.4749   0.2569
3.4850   0.6580
3.4950   0.3962
3.5050   0.0356
3.5150   0.8797
3.5251   0.7672
3.5351   1.0914
3.5451   0.3315
3.5551   0.3490
3.5652   0.3391
3.5752   0.2967
3.5852   0.0579
3.5952   -0.0107
3.6053   1.0879
3.6153   -0.0472
3.6253   -0.0616
3.6353   2.0982
3.6454   -0.1353
3.6554   0.3520
3.6654   1.0520
3.6754   1.0164
3.6855   0.7500
3.6955   0.6865
3.7055   0.4021
3.7155   0.6818
3.7256   0.1065
3.7356   -0.0494
3.7456   0.1263
3.7556   -0.0397
3.7657   0.3583
3.7757   -0.1318
3.7857   -0.1815
3.7957   0.1433
3.8058   0.1390
3.8158   0.1330
3.8258   0.9301
3.8358   0.2184
3.8459   0.1341
3.8559   0.0776
3.8659   0.1493
3.8759   -0.1526
3.8860   0.1490
3.8960   0.1618
3.9060   -0.1610
3.9160   0.0584
3.9261   0.0712
3.9361   -0.0437
3.9461   0.4677
3.9561   0.3573
3.9662   -0.0638
3.9762   -0.1023
3.9862   0.1401
3.9962   0.2688
4.0063   -0.1111
4.0163   -0.0214
4.0263   0.2942
4.0363   -0.1302
4.0464   0.3319
4.0564   0.3835
4.0664   -0.0083
4.0764   -0.1357
4.0865   -0.0006
4.0965   -0.1330
4.1065   -0.1317
4.1165   -0.1010
4.1266   0.3178
4.1366   -0.1278
4.1466   0.2190
4.1566   -0.0904
4.1667   -0.0535
4.1767   0.1810
4.1867   -0.1216
4.1967   -0.1204
4.2068   0.0901
4.2168   0.0062
4.2268   0.1918
4.2368   0.0360
4.2469   -0.1145
4.2569   -0.0472
4.2669   -0.1122
4.2769   -0.0387
4.2870   -0.0517
4.2970   -0.1023
4.3070   -0.1078
4.3170   0.0518
4.3271   0.2313
4.3371   0.1163
4.3471   -0.0152
4.3571   -0.1025
4.3672   -0.0964
4.3772   -0.1005
4.3872   -0.0807
4.3972   -0.0985
4.4073   -0.0675
4.4173   -0.0248
4.4273   -0.0956
4.4373   -0.0946
4.4474   -0.0679
4.4574   -0.0229
4.4674   -0.0918
4.4774   -0.0909
4.4875   -0.0127
4.4975   -0.0891
4.5075   -0.0862
4.5175   -0.0873
4.5276   0.0674
4.5376   -0.0071
4.5476   -0.0847
4.5576   -0.0839
4.5677   -0.0278
4.5777   -0.0291
4.5877   -0.0814
4.5977   -0.0806
4.6078   -0.0552
4.6178   -0.0610
4.6278   -0.0525
4.6378   -0.0774
4.6479   -0.0767
4.6579   -0.0759
4.6679   -0.0751
4.6779   -0.0744
4.6880   -0.0736
4.6980   0.0154
4.7080   -0.0722
4.7180   -0.0715
4.7281   -0.0828
4.7381   0.0157
4.7481   -0.0693
4.7581   -0.0687
4.7682   -0.0680
4.7782   0.0448
4.7882   -0.0666
4.7982   -0.0660
4.8083   -0.0653
4.8183   -0.0646
4.8283   -0.0640
4.8383   0.0203
4.8484   -0.0627
4.8584   -0.0621
4.8684   -0.0357
4.8784   -0.0529
4.8885   -0.1846
4.8985   -0.0531
4.9085   -0.0591
4.9185   -0.0585
4.9286   0.0066
4.9386   -0.0097
4.9486   -0.0567
4.9586   -0.0283
4.9687   -0.0556
4.9787   -0.0551
4.9887   -0.0545
4.9987   -0.0540
5.0088   -0.0534
5.0188   0.0266
5.0288   -0.0524
5.0388   -0.0518
5.0489   -0.0513
5.0589   -0.0508
5.0689   -0.0503
5.0789   -0.0498
5.0890   -0.0493
5.0990   -0.2173
5.1090   -0.0483
5.1190   -0.1181
5.1291   -0.0474
5.1391   -0.0469
5.1491   -0.0207
5.1591   -0.0865
5.1692   -0.2114
5.1792   -0.0451
5.1892   -0.0446
5.1992   -0.0334
5.2093   -0.0344
5.2193   -0.0433
5.2293   -0.0429
5.2393   -0.0167
5.2494   -0.0420
5.2594   -0.0416
5.2694   -0.0412
5.2794   -0.0958
5.2895   -0.0404
5.2995   -0.0400
5.3095   -0.0396
5.3195   -0.0392
5.3296   -0.0388
5.3396   -0.0384
5.3496   -0.0380
5.3596   -0.0376
5.3697   -0.0372
5.3797   -0.0369
5.3897   -0.0365
5.3997   -0.0361
5.4098   -0.0358
5.4198   -0.0354
5.4298   -0.0351
5.4398   -0.0347
5.4499   -0.0344
5.4599   -0.0340
5.4699   -0.0337
5.4799   -0.0334
5.4900   -0.0330
5.5000   -0.0327
